{
 "cells": [
  {
   "cell_type": "code",
   "execution_count": 1,
   "outputs": [],
   "source": [
    "from scipy.io import loadmat\n"
   ],
   "metadata": {
    "collapsed": false
   }
  },
  {
   "cell_type": "code",
   "execution_count": 24,
   "outputs": [
    {
     "name": "stdout",
     "output_type": "stream",
     "text": [
      "{'__header__': b'MATLAB 5.0 MAT-file, Platform: PCWIN64, Created on: Sun May 21 21:25:40 2023', '__version__': '1.0', '__globals__': [], 'new_rdm': array([[0.        , 0.        , 0.        , 0.        , 1.        ,\n",
      "        1.        , 1.        , 1.        , 0.94029851, 0.94029851,\n",
      "        0.94029851, 0.94029851, 1.        , 1.        , 1.        ,\n",
      "        1.        ],\n",
      "       [0.        , 0.        , 0.        , 0.        , 1.        ,\n",
      "        1.        , 1.        , 1.        , 0.94029851, 0.94029851,\n",
      "        0.94029851, 0.94029851, 1.        , 1.        , 1.        ,\n",
      "        1.        ],\n",
      "       [0.        , 0.        , 0.        , 0.        , 1.        ,\n",
      "        1.        , 1.        , 1.        , 0.94029851, 0.94029851,\n",
      "        0.94029851, 0.94029851, 1.        , 1.        , 1.        ,\n",
      "        1.        ],\n",
      "       [0.        , 0.        , 0.        , 0.        , 1.        ,\n",
      "        1.        , 1.        , 1.        , 0.94029851, 0.94029851,\n",
      "        0.94029851, 0.94029851, 1.        , 1.        , 1.        ,\n",
      "        1.        ],\n",
      "       [1.        , 1.        , 1.        , 1.        , 0.        ,\n",
      "        0.        , 0.        , 0.        , 1.        , 1.        ,\n",
      "        1.        , 1.        , 0.78676471, 0.78676471, 0.78676471,\n",
      "        0.78676471],\n",
      "       [1.        , 1.        , 1.        , 1.        , 0.        ,\n",
      "        0.        , 0.        , 0.        , 1.        , 1.        ,\n",
      "        1.        , 1.        , 0.78676471, 0.78676471, 0.78676471,\n",
      "        0.78676471],\n",
      "       [1.        , 1.        , 1.        , 1.        , 0.        ,\n",
      "        0.        , 0.        , 0.        , 1.        , 1.        ,\n",
      "        1.        , 1.        , 0.78676471, 0.78676471, 0.78676471,\n",
      "        0.78676471],\n",
      "       [1.        , 1.        , 1.        , 1.        , 0.        ,\n",
      "        0.        , 0.        , 0.        , 1.        , 1.        ,\n",
      "        1.        , 1.        , 0.78676471, 0.78676471, 0.78676471,\n",
      "        0.78676471],\n",
      "       [0.94029851, 0.94029851, 0.94029851, 0.94029851, 1.        ,\n",
      "        1.        , 1.        , 1.        , 0.        , 0.        ,\n",
      "        0.        , 0.        , 1.        , 1.        , 1.        ,\n",
      "        1.        ],\n",
      "       [0.94029851, 0.94029851, 0.94029851, 0.94029851, 1.        ,\n",
      "        1.        , 1.        , 1.        , 0.        , 0.        ,\n",
      "        0.        , 0.        , 1.        , 1.        , 1.        ,\n",
      "        1.        ],\n",
      "       [0.94029851, 0.94029851, 0.94029851, 0.94029851, 1.        ,\n",
      "        1.        , 1.        , 1.        , 0.        , 0.        ,\n",
      "        0.        , 0.        , 1.        , 1.        , 1.        ,\n",
      "        1.        ],\n",
      "       [0.94029851, 0.94029851, 0.94029851, 0.94029851, 1.        ,\n",
      "        1.        , 1.        , 1.        , 0.        , 0.        ,\n",
      "        0.        , 0.        , 1.        , 1.        , 1.        ,\n",
      "        1.        ],\n",
      "       [1.        , 1.        , 1.        , 1.        , 0.78676471,\n",
      "        0.78676471, 0.78676471, 0.78676471, 1.        , 1.        ,\n",
      "        1.        , 1.        , 0.        , 0.        , 0.        ,\n",
      "        0.        ],\n",
      "       [1.        , 1.        , 1.        , 1.        , 0.78676471,\n",
      "        0.78676471, 0.78676471, 0.78676471, 1.        , 1.        ,\n",
      "        1.        , 1.        , 0.        , 0.        , 0.        ,\n",
      "        0.        ],\n",
      "       [1.        , 1.        , 1.        , 1.        , 0.78676471,\n",
      "        0.78676471, 0.78676471, 0.78676471, 1.        , 1.        ,\n",
      "        1.        , 1.        , 0.        , 0.        , 0.        ,\n",
      "        0.        ],\n",
      "       [1.        , 1.        , 1.        , 1.        , 0.78676471,\n",
      "        0.78676471, 0.78676471, 0.78676471, 1.        , 1.        ,\n",
      "        1.        , 1.        , 0.        , 0.        , 0.        ,\n",
      "        0.        ]])}\n"
     ]
    }
   ],
   "source": [
    "# 指定要读取的 .mat 文件路径\n",
    "file_path = \"./consonantRDM.mat\"  # 将 \"path/to/your/file.mat\" 替换为实际的文件路径\n",
    "\n",
    "# 使用 loadmat 函数读取 .mat 文件\n",
    "data = loadmat(file_path)\n",
    "\n",
    "print(data)"
   ],
   "metadata": {
    "collapsed": false,
    "ExecuteTime": {
     "end_time": "2023-05-21T16:41:27.423705100Z",
     "start_time": "2023-05-21T16:41:27.402761400Z"
    }
   }
  },
  {
   "cell_type": "code",
   "execution_count": 22,
   "outputs": [
    {
     "name": "stdout",
     "output_type": "stream",
     "text": [
      "{'__header__': b'MATLAB 5.0 MAT-file, Platform: PCWIN64, Created on: Mon May 22 00:33:51 2023', '__version__': '1.0', '__globals__': [], 'final_rdm': array([[0.        , 0.91044776, 0.92647059, 1.        , 0.        ,\n",
      "        0.91044776, 0.92647059, 1.        , 0.        , 0.91044776,\n",
      "        0.92647059, 1.        , 0.        , 0.91044776, 0.92647059,\n",
      "        1.        ],\n",
      "       [0.91044776, 0.        , 0.93316506, 0.99264706, 0.91044776,\n",
      "        0.        , 0.93316506, 0.99264706, 0.91044776, 0.        ,\n",
      "        0.93316506, 0.99264706, 0.91044776, 0.        , 0.93316506,\n",
      "        0.99264706],\n",
      "       [0.92647059, 0.93316506, 0.        , 0.83823529, 0.92647059,\n",
      "        0.93316506, 0.        , 0.83823529, 0.92647059, 0.93316506,\n",
      "        0.        , 0.83823529, 0.92647059, 0.93316506, 0.        ,\n",
      "        0.83823529],\n",
      "       [1.        , 0.99264706, 0.83823529, 0.        , 1.        ,\n",
      "        0.99264706, 0.83823529, 0.        , 1.        , 0.99264706,\n",
      "        0.83823529, 0.        , 1.        , 0.99264706, 0.83823529,\n",
      "        0.        ],\n",
      "       [0.        , 0.91044776, 0.92647059, 1.        , 0.        ,\n",
      "        0.91044776, 0.92647059, 1.        , 0.        , 0.91044776,\n",
      "        0.92647059, 1.        , 0.        , 0.91044776, 0.92647059,\n",
      "        1.        ],\n",
      "       [0.91044776, 0.        , 0.93316506, 0.99264706, 0.91044776,\n",
      "        0.        , 0.93316506, 0.99264706, 0.91044776, 0.        ,\n",
      "        0.93316506, 0.99264706, 0.91044776, 0.        , 0.93316506,\n",
      "        0.99264706],\n",
      "       [0.92647059, 0.93316506, 0.        , 0.83823529, 0.92647059,\n",
      "        0.93316506, 0.        , 0.83823529, 0.92647059, 0.93316506,\n",
      "        0.        , 0.83823529, 0.92647059, 0.93316506, 0.        ,\n",
      "        0.83823529],\n",
      "       [1.        , 0.99264706, 0.83823529, 0.        , 1.        ,\n",
      "        0.99264706, 0.83823529, 0.        , 1.        , 0.99264706,\n",
      "        0.83823529, 0.        , 1.        , 0.99264706, 0.83823529,\n",
      "        0.        ],\n",
      "       [0.        , 0.91044776, 0.92647059, 1.        , 0.        ,\n",
      "        0.91044776, 0.92647059, 1.        , 0.        , 0.91044776,\n",
      "        0.92647059, 1.        , 0.        , 0.91044776, 0.92647059,\n",
      "        1.        ],\n",
      "       [0.91044776, 0.        , 0.93316506, 0.99264706, 0.91044776,\n",
      "        0.        , 0.93316506, 0.99264706, 0.91044776, 0.        ,\n",
      "        0.93316506, 0.99264706, 0.91044776, 0.        , 0.93316506,\n",
      "        0.99264706],\n",
      "       [0.92647059, 0.93316506, 0.        , 0.83823529, 0.92647059,\n",
      "        0.93316506, 0.        , 0.83823529, 0.92647059, 0.93316506,\n",
      "        0.        , 0.83823529, 0.92647059, 0.93316506, 0.        ,\n",
      "        0.83823529],\n",
      "       [1.        , 0.99264706, 0.83823529, 0.        , 1.        ,\n",
      "        0.99264706, 0.83823529, 0.        , 1.        , 0.99264706,\n",
      "        0.83823529, 0.        , 1.        , 0.99264706, 0.83823529,\n",
      "        0.        ],\n",
      "       [0.        , 0.91044776, 0.92647059, 1.        , 0.        ,\n",
      "        0.91044776, 0.92647059, 1.        , 0.        , 0.91044776,\n",
      "        0.92647059, 1.        , 0.        , 0.91044776, 0.92647059,\n",
      "        1.        ],\n",
      "       [0.91044776, 0.        , 0.93316506, 0.99264706, 0.91044776,\n",
      "        0.        , 0.93316506, 0.99264706, 0.91044776, 0.        ,\n",
      "        0.93316506, 0.99264706, 0.91044776, 0.        , 0.93316506,\n",
      "        0.99264706],\n",
      "       [0.92647059, 0.93316506, 0.        , 0.83823529, 0.92647059,\n",
      "        0.93316506, 0.        , 0.83823529, 0.92647059, 0.93316506,\n",
      "        0.        , 0.83823529, 0.92647059, 0.93316506, 0.        ,\n",
      "        0.83823529],\n",
      "       [1.        , 0.99264706, 0.83823529, 0.        , 1.        ,\n",
      "        0.99264706, 0.83823529, 0.        , 1.        , 0.99264706,\n",
      "        0.83823529, 0.        , 1.        , 0.99264706, 0.83823529,\n",
      "        0.        ]])}\n"
     ]
    }
   ],
   "source": [
    "# 指定要读取的 .mat 文件路径\n",
    "file_path = \"./toneRDM.mat\"  # 将 \"path/to/your/file.mat\" 替换为实际的文件路径\n",
    "\n",
    "# 使用 loadmat 函数读取 .mat 文件\n",
    "data2 = loadmat(file_path)\n",
    "\n",
    "print(data2)"
   ],
   "metadata": {
    "collapsed": false,
    "ExecuteTime": {
     "end_time": "2023-05-21T16:37:43.040883900Z",
     "start_time": "2023-05-21T16:37:43.029915300Z"
    }
   }
  },
  {
   "cell_type": "code",
   "execution_count": 6,
   "outputs": [
    {
     "name": "stdout",
     "output_type": "stream",
     "text": [
      "[[0.         0.97058824 0.94117647 1.         1.         1.\n",
      "  1.         1.         0.94117647 0.96875    1.         1.\n",
      "  1.         1.         1.         1.        ]\n",
      " [0.97058824 0.         0.94117647 0.97058824 1.         1.\n",
      "  1.         1.         1.         0.9375     1.         1.\n",
      "  1.         1.         1.         1.        ]\n",
      " [0.94117647 0.94117647 0.         0.85294118 1.         1.\n",
      "  1.         1.         1.         1.         1.         1.\n",
      "  1.         1.         1.         1.        ]\n",
      " [1.         0.97058824 0.85294118 0.         1.         1.\n",
      "  1.         1.         1.         1.         0.97058824 0.94117647\n",
      "  1.         1.         1.         1.        ]\n",
      " [1.         1.         1.         1.         0.         0.97058824\n",
      "  0.91176471 1.         1.         1.         1.         1.\n",
      "  0.79411765 0.91176471 0.97058824 1.        ]\n",
      " [1.         1.         1.         1.         0.97058824 0.\n",
      "  0.97058824 1.         1.         1.         1.         1.\n",
      "  1.         0.88235294 1.         1.        ]\n",
      " [1.         1.         1.         1.         0.91176471 0.97058824\n",
      "  0.         0.79411765 1.         1.         1.         1.\n",
      "  1.         0.97058824 0.94117647 1.        ]\n",
      " [1.         1.         1.         1.         1.         1.\n",
      "  0.79411765 0.         1.         1.         1.         1.\n",
      "  1.         1.         0.88235294 0.79411765]\n",
      " [0.94117647 1.         1.         1.         1.         1.\n",
      "  1.         1.         0.         0.875      0.94117647 1.\n",
      "  1.         1.         1.         1.        ]\n",
      " [0.96875    0.9375     1.         1.         1.         1.\n",
      "  1.         1.         0.875      0.         0.96875    1.\n",
      "  1.         1.         1.         1.        ]\n",
      " [1.         1.         1.         0.97058824 1.         1.\n",
      "  1.         1.         0.94117647 0.96875    0.         0.88235294\n",
      "  1.         1.         1.         1.        ]\n",
      " [1.         1.         1.         0.94117647 1.         1.\n",
      "  1.         1.         1.         1.         0.88235294 0.\n",
      "  1.         1.         1.         1.        ]\n",
      " [1.         1.         1.         1.         0.79411765 1.\n",
      "  1.         1.         1.         1.         1.         1.\n",
      "  0.         0.94117647 0.94117647 1.        ]\n",
      " [1.         1.         1.         1.         0.91176471 0.88235294\n",
      "  0.97058824 1.         1.         1.         1.         1.\n",
      "  0.94117647 0.         0.88235294 1.        ]\n",
      " [1.         1.         1.         1.         0.97058824 1.\n",
      "  0.94117647 0.88235294 1.         1.         1.         1.\n",
      "  0.94117647 0.88235294 0.         0.97058824]\n",
      " [1.         1.         1.         1.         1.         1.\n",
      "  1.         0.79411765 1.         1.         1.         1.\n",
      "  1.         1.         0.97058824 0.        ]]\n"
     ]
    }
   ],
   "source": [
    "# 指定要读取的 .mat 文件路径\n",
    "file_path = \"./alltypeRDM.mat\"  # 将 \"path/to/your/file.mat\" 替换为实际的文件路径\n",
    "\n",
    "# 使用 loadmat 函数读取 .mat 文件\n",
    "data3 = loadmat(file_path)['rdm']\n",
    "\n",
    "print(data3)"
   ],
   "metadata": {
    "collapsed": false,
    "ExecuteTime": {
     "end_time": "2023-05-21T15:43:24.649624400Z",
     "start_time": "2023-05-21T15:43:24.637657500Z"
    }
   }
  },
  {
   "cell_type": "code",
   "execution_count": 20,
   "outputs": [
    {
     "name": "stdout",
     "output_type": "stream",
     "text": [
      "[[0.         1.         2.         3.         4.         1.\n",
      "  2.         3.         4.         1.         2.         3.\n",
      "  4.         1.         2.         3.         4.        ]\n",
      " [1.         0.         0.97058824 0.94117647 1.         1.\n",
      "  1.         1.         1.         0.94117647 0.96875    1.\n",
      "  1.         1.         1.         1.         1.        ]\n",
      " [2.         0.97058824 0.         0.94117647 0.97058824 1.\n",
      "  1.         1.         1.         1.         0.9375     1.\n",
      "  1.         1.         1.         1.         1.        ]\n",
      " [3.         0.94117647 0.94117647 0.         0.85294118 1.\n",
      "  1.         1.         1.         1.         1.         1.\n",
      "  1.         1.         1.         1.         1.        ]\n",
      " [4.         1.         0.97058824 0.85294118 0.         1.\n",
      "  1.         1.         1.         1.         1.         0.97058824\n",
      "  0.94117647 1.         1.         1.         1.        ]\n",
      " [1.         1.         1.         1.         1.         0.\n",
      "  0.97058824 0.91176471 1.         1.         1.         1.\n",
      "  1.         0.79411765 0.91176471 0.97058824 1.        ]\n",
      " [2.         1.         1.         1.         1.         0.97058824\n",
      "  0.         0.97058824 1.         1.         1.         1.\n",
      "  1.         1.         0.88235294 1.         1.        ]\n",
      " [3.         1.         1.         1.         1.         0.91176471\n",
      "  0.97058824 0.         0.79411765 1.         1.         1.\n",
      "  1.         1.         0.97058824 0.94117647 1.        ]\n",
      " [4.         1.         1.         1.         1.         1.\n",
      "  1.         0.79411765 0.         1.         1.         1.\n",
      "  1.         1.         1.         0.88235294 0.79411765]\n",
      " [1.         0.94117647 1.         1.         1.         1.\n",
      "  1.         1.         1.         0.         0.875      0.94117647\n",
      "  1.         1.         1.         1.         1.        ]\n",
      " [2.         0.96875    0.9375     1.         1.         1.\n",
      "  1.         1.         1.         0.875      0.         0.96875\n",
      "  1.         1.         1.         1.         1.        ]\n",
      " [3.         1.         1.         1.         0.97058824 1.\n",
      "  1.         1.         1.         0.94117647 0.96875    0.\n",
      "  0.88235294 1.         1.         1.         1.        ]\n",
      " [4.         1.         1.         1.         0.94117647 1.\n",
      "  1.         1.         1.         1.         1.         0.88235294\n",
      "  0.         1.         1.         1.         1.        ]\n",
      " [1.         1.         1.         1.         1.         0.79411765\n",
      "  1.         1.         1.         1.         1.         1.\n",
      "  1.         0.         0.94117647 0.94117647 1.        ]\n",
      " [2.         1.         1.         1.         1.         0.91176471\n",
      "  0.88235294 0.97058824 1.         1.         1.         1.\n",
      "  1.         0.94117647 0.         0.88235294 1.        ]\n",
      " [3.         1.         1.         1.         1.         0.97058824\n",
      "  1.         0.94117647 0.88235294 1.         1.         1.\n",
      "  1.         0.94117647 0.88235294 0.         0.97058824]\n",
      " [4.         1.         1.         1.         1.         1.\n",
      "  1.         1.         0.79411765 1.         1.         1.\n",
      "  1.         1.         1.         0.97058824 0.        ]]\n"
     ]
    }
   ],
   "source": [
    "import numpy as np\n",
    "\n",
    "# 创建一个 16x16 的 ndarray\n",
    "arr = data3\n",
    "\n",
    "# 生成循环的行名和列名\n",
    "row_names = np.tile(np.arange(1, 5), 4)\n",
    "col_names = np.tile(np.arange(1, 5), 4)\n",
    "\n",
    "# 在数组的左侧和顶部添加一列和一行\n",
    "arr_with_names = np.pad(arr, ((1, 0), (1, 0)), mode='constant', constant_values=0)\n",
    "\n",
    "# 在第一行和第一列分别设置行名和列名\n",
    "arr_with_names[0, 1:] = col_names\n",
    "arr_with_names[1:, 0] = row_names\n",
    "\n",
    "# 打印带有循环行名和列名的数组\n",
    "print(arr_with_names)\n"
   ],
   "metadata": {
    "collapsed": false,
    "ExecuteTime": {
     "end_time": "2023-05-21T16:16:16.334706300Z",
     "start_time": "2023-05-21T16:16:16.322728200Z"
    }
   }
  },
  {
   "cell_type": "code",
   "execution_count": 18,
   "outputs": [],
   "source": [
    "# 将行名和列名相同的单元格的值改为0\n",
    "for i in range(1, arr_with_names.shape[0]):\n",
    "    for j in range(1, arr_with_names.shape[1]):\n",
    "        if arr_with_names[i, 0] == arr_with_names[0, j]:\n",
    "            arr_with_names[i, j] = 0"
   ],
   "metadata": {
    "collapsed": false,
    "ExecuteTime": {
     "end_time": "2023-05-21T16:08:24.168433Z",
     "start_time": "2023-05-21T16:08:24.162449300Z"
    }
   }
  },
  {
   "cell_type": "code",
   "execution_count": 19,
   "outputs": [
    {
     "name": "stdout",
     "output_type": "stream",
     "text": [
      "[[0. 1. 2. 3. 4. 1. 2. 3. 4. 1. 2. 3. 4. 1. 2. 3. 4.]\n",
      " [1. 0. 1. 1. 1. 0. 1. 1. 1. 0. 1. 1. 1. 0. 1. 1. 1.]\n",
      " [2. 1. 0. 1. 1. 1. 0. 1. 1. 1. 0. 1. 1. 1. 0. 1. 1.]\n",
      " [3. 1. 1. 0. 1. 1. 1. 0. 1. 1. 1. 0. 1. 1. 1. 0. 1.]\n",
      " [4. 1. 1. 1. 0. 1. 1. 1. 0. 1. 1. 1. 0. 1. 1. 1. 0.]\n",
      " [1. 0. 1. 1. 1. 0. 1. 1. 1. 0. 1. 1. 1. 0. 1. 1. 1.]\n",
      " [2. 1. 0. 1. 1. 1. 0. 1. 1. 1. 0. 1. 1. 1. 0. 1. 1.]\n",
      " [3. 1. 1. 0. 1. 1. 1. 0. 1. 1. 1. 0. 1. 1. 1. 0. 1.]\n",
      " [4. 1. 1. 1. 0. 1. 1. 1. 0. 1. 1. 1. 0. 1. 1. 1. 0.]\n",
      " [1. 0. 1. 1. 1. 0. 1. 1. 1. 0. 1. 1. 1. 0. 1. 1. 1.]\n",
      " [2. 1. 0. 1. 1. 1. 0. 1. 1. 1. 0. 1. 1. 1. 0. 1. 1.]\n",
      " [3. 1. 1. 0. 1. 1. 1. 0. 1. 1. 1. 0. 1. 1. 1. 0. 1.]\n",
      " [4. 1. 1. 1. 0. 1. 1. 1. 0. 1. 1. 1. 0. 1. 1. 1. 0.]\n",
      " [1. 0. 1. 1. 1. 0. 1. 1. 1. 0. 1. 1. 1. 0. 1. 1. 1.]\n",
      " [2. 1. 0. 1. 1. 1. 0. 1. 1. 1. 0. 1. 1. 1. 0. 1. 1.]\n",
      " [3. 1. 1. 0. 1. 1. 1. 0. 1. 1. 1. 0. 1. 1. 1. 0. 1.]\n",
      " [4. 1. 1. 1. 0. 1. 1. 1. 0. 1. 1. 1. 0. 1. 1. 1. 0.]]\n"
     ]
    }
   ],
   "source": [
    "import numpy as np\n",
    "\n",
    "# 创建一个 16x16 的 ndarray\n",
    "arr = np.zeros((16, 16))\n",
    "\n",
    "# 生成循环的行名和列名\n",
    "row_names = np.tile(np.arange(1, 5), 4)\n",
    "col_names = np.tile(np.arange(1, 5), 4)\n",
    "\n",
    "# 在数组的左侧和顶部添加一列和一行\n",
    "arr_with_names = np.pad(arr, ((1, 0), (1, 0)), mode='constant', constant_values=0)\n",
    "\n",
    "# 在第一行和第一列分别设置行名和列名\n",
    "arr_with_names[0, 1:] = col_names\n",
    "arr_with_names[1:, 0] = row_names\n",
    "\n",
    "\n",
    "# 将行名和列名相同的单元格的值改为0，其他单元格的值改为1\n",
    "for i in range(1, arr_with_names.shape[0]):\n",
    "    for j in range(1, arr_with_names.shape[1]):\n",
    "        if arr_with_names[i, 0] == arr_with_names[0, j]:\n",
    "            arr_with_names[i, j] = 0\n",
    "        else:\n",
    "            arr_with_names[i, j] = 1\n",
    "\n",
    "# 打印结果\n",
    "print(arr_with_names)\n"
   ],
   "metadata": {
    "collapsed": false,
    "ExecuteTime": {
     "end_time": "2023-05-21T16:09:38.011218700Z",
     "start_time": "2023-05-21T16:09:37.968333200Z"
    }
   }
  },
  {
   "cell_type": "code",
   "execution_count": null,
   "outputs": [],
   "source": [],
   "metadata": {
    "collapsed": false
   }
  }
 ],
 "metadata": {
  "kernelspec": {
   "name": "mne12",
   "language": "python",
   "display_name": "Python(mne12)"
  },
  "language_info": {
   "codemirror_mode": {
    "name": "ipython",
    "version": 2
   },
   "file_extension": ".py",
   "mimetype": "text/x-python",
   "name": "python",
   "nbconvert_exporter": "python",
   "pygments_lexer": "ipython2",
   "version": "2.7.6"
  }
 },
 "nbformat": 4,
 "nbformat_minor": 0
}
